418
2388
1930
1009
1226
1507
1535
2588
2676
1763
2183
2262
2161
446
2091
2522
2702
1187
2454
2386
1432
1295
1439
174
808
1706
2059
591
2371
988
1414
671
799
2631
766
1381
1806
549
447
2138
672
2284
607
1632
1657
821
1526
1651
1245
1499
2134
619
1612
618
425
2489
2135
940
126
2304
383
770
544
351
1
1648
2013
1167
468
1125
329
2011
1207
1869
520
2279
304
70
506
2914
2960
674
26
2770
1364
2118
1202
2965
1474
274
701
2269
1659
713
1910
852
2411
364
2831
367
330
1829
1794
1914
1390
557
2500
2953
611
478
2309
1051
162
1608
2895
668
1165
133
1912
1936
2911
1582
935
1576
2163
2984
656
727
2777
1739
282
2550
1891
461
214
275
2218
1118
2130
457
262
1023
2058
833
277
2488
2851
1848
67
204
972
1895
674
2820
34
692
2961
2913
1765
2491
2305
2645
2506
2879
2359
1099
1784
1149
728
2025
1884
2445
782
2440
1921
2369
907
313
682
1156
714
2207
2093
2933
665
2504
267
2667
1790
1567
1874
2112
43
2218
2230
560
506
2288
2638
909
2399
2909
2298
797
701
356
111
2268
2259
1504
2792
2687
2727
1264
2072
341
1657
1802
627
2470
689
2281
969
510
2855
484
293
489
445
2097
1366
1950
72
700
217
2055
320
2240
188
345
1238
2073
2610
147
777
715
2053
719
2447
1670
2829
1566
2051
784
2393
769
260
570
1048
2242
2224
539
874
2830
842
1427
2693
253
2990
823
2992
2783
847
2939
36
845
1040
2810
331
1924
1510
2555
246
2974
2743
589
31
1591
1123
475
225
2461
1743
494
222
2708
42
999
1535
95
2911
992
174
1518
887
2590
2703
1054
1561
872
1906
1056
1250
1088
189
2606
2411
443
1998
655
953
977
2398
462
2917
2814
1765
54
23
706
1454
533
2822
2806
2245
576
83
1045
323
1998
1589
1947
235
19
1747
2397
2471
2934
1381
2626
2123
2847
1698
1495
2844
1346
2269
2584
2782
708
1448
518
1633
277
1609
736
435
1337
1054
2175
2575
860
1304
2565
2031
2913
1047
1528
191
1754
1278
1961
661
460
2935
2210
2188
1875
244
2164
2950
2381
2140
290
877
246
327
1507
509
2962
573
2256
298
2292
152
823
2901
2531
2076
1307
2477
625
1057
2559
161
805
1061
2612
1670
486
130
1725
2131
868
2500
816
320
2699
1811
105
2916
1305
507
1948
469
1950
754
43
738
2124
1192
2316
2125
1292
1760
2559
73
1952
2424
2246
2436
845
1571
2332
2875
2887
1717
263
59
2904
2903
2087
1756
1567
1392
2564
1600
1823
2234
2336
1076
1718
1908
2658
2620
1664
1384
610
2694
1414
1743
1945
2214
353
233
2939
1298
428
1967
2278
1635
2550
2178
1944
1054
2248
1517
1405
1793
1300
370
629
2659
2234
1953
192
998
2902
1307
1237
31
1156
233
2313
1840
1319
1646
1811
2809
2046
1624
2883
1796
2633
104
527
2890
2204
1407
865
2301
1137
284
487
1094
2755
917
1206
1670
1048
877
2574
955
1758
2258
2358
702
2139
1303
506
2015
1482
1239
1047
236
1490
1279
2883
2598
1415
221
1415
831
2051
2060
1208
1494
59
471
1197
742
718
1969
1885
69
2442
1740
2593
1669
1074
1013
2929
714
1094
1349
2520
1428
379
1518
2034
310
504
2326
2194
2964
2448
1197
2302
1189
2482
2045
1924
941
2214
2949
569
832
675
2519
2470
712
1
1560
2649
2790
2114
2461
2684
2541
1145
1902
693
2967
1017
1649
817
1778
840
2235
2611
315
1388
2209
2326
2682
2045
2069
1346
1922
2912
222
1232
658
89
1259
764
406
1870
1639
1324
2297
1537
2565
756
316
760
2698
2214
294
572
1859
92
1010
2164
2625
1717
2621
1644
2801
179
1134
513
741
1379
103
2752
124
1976
999
1606
969
2950
2081
1333
1546
364
1806
1892
1875
561
1252
1405
1228
2604
56
2748
2526
1553
1539
1430
191
1610
2072
2508
34
730
2398
233
1275
1668
2509
446
1509
311
2920
1348
570
2162
2807
2421
2462
2364
2810
829
2083
1227
2089
94
1530
1289
107
2183
2329
1650
1115
1945
1776
521
2618
1123
2077
2025
1813
1540
1875
1019
725
2125
2471
10
2554
1179
1196
218
2177
2005
1903
2953
2247
1188
2452
586
2933
2705
1952
2733
2249
141
1446
1562
2552
2610
172
627
647
1886
1381
2935
2293
1511
1605
894
2597
1010
1627
2376
753
887
1427
1549
674
387
2389
1952
247
1793
2930
2933
2121
167
1037
368
2789
2430
1239
1029
1310
155
759
1716
902
2334
685
2160
1909
1259
314
1156
2558
2755
2928
2497
2360
2795
2345
2620
411
739
66
1885
998
2122
1138
1947
223
2920
1051
1105
22
1961
182
266
216
255
286
2010
1094
657
669
340
1799
2040
562
50
1699
548
1584
626
2468
2724
545
565
1968
2396
866
1493
2743
2692
329
2310
439
2365
1407
1982
72
2017
674
631
2191
1159
1244
2954
2221
1260
118
1477
1283
2553
1348
2294
2920
2682
94
1711
33
22
70
742
2021
1069
1832
1491
985
763
690
245
1451
213
650
1038
639
1871
2653
2423
2818
2617
1364
2556
1820
356
553
336
276
0
2391
1097
2508
1910
1432
1177
1611
1434
1417
958
1986
255
296
1141
2634
1053
2365
1790
189
463
1824
2784
1558
1801
800
2997
1044
888
309
480
2926
632
1304
2051
2958
200
2836
1355
2627
2450
1398
1802
1634
1623
2304
2178
67
1584
273
2834
215
1271
2246
2724
2723
703
1481
134
2591
461
766
358
1252
40
1789
876
2145
1114
236
2507
1830
1967
401
2429
619
842
