111
1220
2732
949
2194
1493
2641
72
1554
1667
79
556
376
1984
596
2137
1913
2518
278
1801
2469
282
797
2931
2565
2997
400
792
273
174
1064
1354
852
2775
2313
2978
723
1375
29
1213
2294
898
274
169
2562
344
1221
202
2635
952
477
873
2886
2584
995
2721
2357
947
2322
1428
288
2166
746
806
1056
2755
2410
604
1447
1797
522
2697
684
1033
1742
1148
1118
1794
2459
1737
287
149
504
2790
177
2064
2211
2151
615
137
1421
1831
2128
2639
2142
2105
2676
261
2585
67
2776
1876
768
2514
1320
886
733
1950
834
447
778
2641
544
211
293
209
261
193
2709
2145
1598
2676
2264
641
2360
952
2211
1052
207
2784
197
1843
532
2633
984
2194
1042
96
559
656
1108
1262
2257
55
2436
2394
2656
1843
2661
197
1213
1726
2794
1196
1992
800
1032
2714
1915
1990
1028
1750
2188
1605
539
2369
228
1509
2329
2745
2315
43
1621
26
2073
2485
1092
2190
549
2781
1124
2850
227
1405
649
1520
2006
2152
1591
618
2723
1303
1446
434
2900
1739
1873
264
81
632
1170
1143
1923
929
2735
499
732
2697
166
155
1631
1694
749
2332
262
1791
2128
1772
513
1352
1063
2447
80
2465
2733
1480
717
1366
1860
887
2718
1718
1044
1980
674
1382
1766
1899
1154
1557
2244
1061
1238
2143
865
2012
2533
1051
2878
943
2758
1639
1303
1318
769
275
690
906
2280
989
325
1155
2403
2573
2791
1563
559
99
2328
65
1709
1698
2931
2011
1824
1992
1996
1517
954
311
1409
1332
1171
801
95
2451
875
532
2313
1726
741
642
697
1858
661
162
651
2195
730
2108
2965
2038
834
2526
1743
1366
2355
993
1359
1968
614
658
1937
176
2155
2058
1910
1884
696
945
102
1218
1777
660
2246
1638
1984
336
86
231
1532
2869
977
1189
777
191
1151
2285
281
1062
2383
687
2083
1553
1184
2002
1959
2254
394
1060
2507
2191
2252
1526
2293
1962
2775
695
2342
1552
1512
1858
134
2068
61
2124
1559
2306
1787
714
2821
1082
2865
1590
2651
740
715
748
1063
2800
1166
2668
2904
2976
706
1140
2231
826
203
19
1458
706
1596
1026
604
213
495
2076
593
495
81
2044
2287
1329
1226
1461
2420
2086
1657
2895
844
2860
2755
2626
1360
889
2863
1766
1723
476
369
2053
2067
1021
702
627
58
1446
2491
539
355
2185
433
2108
81
498
985
2162
2969
1445
1473
967
271
1694
724
930
1243
28
2206
494
2575
47
780
2990
2762
1810
2474
420
2321
49
919
2988
1413
977
2274
2141
1791
224
856
1888
2918
753
123
2684
2238
2849
2713
1755
1807
1650
1816
2286
218
884
1232
1862
1994
875
1578
145
1641
2459
2374
2888
1733
1670
599
786
774
792
2127
2824
730
2792
873
1481
1213
1372
2061
118
827
1228
2404
2946
2588
2044
2379
1627
2378
2085
1348
1850
2230
1031
1671
1036
1476
996
1116
1175
612
1523
782
1392
1461
1531
1776
31
832
584
2243
692
383
2795
2626
1760
1686
2727
2579
2672
1261
822
347
2164
1323
75
1157
12
1891
1463
1196
2287
2585
1169
786
1952
2158
2211
1214
731
451
2178
2181
2168
1046
498
2753
1034
1379
2552
1222
2967
1892
16
1609
2509
288
1771
2154
658
1575
2449
1507
1690
2714
2283
992
2144
2745
2404
1884
1363
2103
977
589
2302
2394
32
324
5
353
2405
2453
1241
2558
519
2781
1481
623
1276
747
499
2186
44
2871
1437
768
232
1977
103
2427
1582
251
2538
2838
1390
2687
1516
1465
1111
1863
1232
410
2789
1900
2913
325
2305
2246
1458
637
2964
884
551
2348
2269
1310
1865
1026
2324
1323
1381
2528
259
2859
1969
2348
2334
1106
1766
1236
1100
979
2546
455
619
2041
1152
632
831
1515
34
855
1383
1821
1711
1717
89
639
2441
1863
1911
367
606
501
278
1457
2642
2680
511
1342
783
2750
2767
431
1123
2064
994
1574
2891
892
2520
2220
623
2334
635
1816
2644
1878
2702
2050
1803
226
1847
967
631
2363
675
1284
1990
1872
1683
236
478
32
2939
216
2003
36
945
2300
838
2714
2227
2035
2938
2933
2885
1225
323
1703
725
1363
789
645
1758
860
1822
1239
1752
228
2911
2985
168
2109
2587
1716
283
315
1132
2167
2272
1315
855
957
1000
1265
1875
98
1235
2801
362
1012
2663
1397
1483
2411
235
2340
1834
2584
2073
2076
2605
2406
2887
2919
484
926
1299
7
923
663
598
1594
2224
2820
2249
1651
2293
2708
2794
2377
2280
809
1041
2529
2369
468
2680
1697
1005
2260
672
1469
440
598
1314
795
2364
1341
945
2488
2624
2943
1218
461
1674
111
892
2242
2821
723
684
1825
1981
1055
1222
1841
1672
2785
2411
972
939
2304
304
1538
2518
963
703
2998
2575
1571
2957
2986
853
852
1099
1940
1319
497
2819
2858
504
2325
1849
394
405
843
2490
1518
1407
185
1670
2950
61
2837
722
1298
434
420
2681
128
920
252
2630
546
2068
677
326
981
1342
985
2902
903
146
1317
2552
1263
2918
2819
2981
254
1079
1367
776
2348
1768
253
775
372
1817
1472
988
485
2933
1626
105
198
365
217
2827
1444
1354
2925
2679
175
1058
1070
1323
533
1217
936
2071
420
552
983
1394
2598
2618
1973
2348
656
277
1686
313
1135
2465
2478
483
1181
872
2296
993
682
1157
2236
358
1217
327
1391
2310
2379
698
522
1359
1251
1236
2652
726
2704
699
2985
1236
1830
2087
1481
1847
2891
1906
216
2956
637
989
753
2716
1334
110
1743
898
1177
2626
2044
483
1636
686
1386
2062
2503
2842
637
2832
1397
1159
1382
1052
1582
2504
98
1344
1713
2182
2608
252
822
2642
2172
839
1727
2263
503
884
2403
1877
2194
305
1548
1760
874
1176
127
2686
394
205
2785
1497
561
2584
2745
291
879
1739
558
738
1288
2924
897
2502
2778
2671
2897
320
2244
2824
889
172
1860
723
187
2137
571
109
881
1696
2723
895
1347
2425
2243
2771
253
1955
1021
667
2573
2004
1283
1577
191
2802
1789
2450
2691
497
1493
2311
2868
1201
1763
1100
557
1203
2762
1847
1250
1833
1193
478
2847
2033
2561
1972
2716
1859
2633
666
1094
2318
206
1962
501
473
650
2750
1898
1496
1880
2138
2555
2619
1295
2409
850
1804
2947
2756
2960
2100
899
1159
1995
1750
1386
190
1173
2549
1753
280
776
2508
1916
1528
2932
943
1469
190
1342
1140
663
2789
1447
1767
178
2359
86
1333
719
1878
2501
2039
1419
783
265
1080
2199
530
1054
2654
2358
252
382
1109
1030
192
1827
711
1400
143
1837
1774
657
660
1831
1565
2133
2387
2790
1699
2100
1853
126
265
1977
2327
934
2195
2072
1445
2898
1522
2697
514
183
2712
2791
2869
1125
1833
1941
513
204
795
1452
2551
1434
1864
875
2216
748
2795
1056
1209
157
2623
2588
1775
1566
2947
73
267
1815
203
260
2894
324
1640
2136
1148
278
1007
234
1336
1577
595
907
2153
1818
1392
1662
1867
941
1433
2423
2823
2347
2078
2344
3000
2725
1860
34
883
653
2402
484
930
2430
2480
1645
391
2946
142
1452
2862
2889
1870
2059
1591
614
2979
2747
249
1774
2021
1769
1740
2200
1932
2326
443
1066
713
317
1108
2189
1355
2447
2927
951
580
2639
202
1425
372
1720
2457
2160
1518
1185
256
2278
2022
2674
2605
1187
1819
2438
1164
2650
1790
1773
1337
777
1103
352
1316
917
1814
293
643
1575
2756
2150
1617
1156
1832
1835
1348
513
1606
1404
2040
1376
469
316
883
2138
286
1699
2521
98
186
119
1587
931
2131
1249
2481
91
2528
2249
1756
605
196
1696
836
1907
821
2097
2943
1752
2108
361
1505
2581
511
2751
1278
2128
843
1376
914
691
204
1112
685
2066
886
573
583
837
949
2002
2485
410
993
2516
1747
669
855
771
2993
596
2765
288
458
1722
849
985
2093
1809
2124
2940
2138
2147
2643
1609
1347
2790
2358
2738
614
2759
1688
146
1048
2608
403
2188
2274
1540
2573
2953
453
2377
2307
434
999
720
375
2412
237
1873
177
2536
1836
508
2694
116
2095
97
1075
439
1532
73
933
2354
1936
1487
1191
1539
397
2307
1344
2177
1958
1028
2390
1981
2308
2644
554
1292
2952
2253
461
2615
1400
402
2765
2890
2122
2642
2004
2762
2039
1428
2522
2300
826
1411
307
938
662
727
2040
2267
1091
715
2708
646
567
579
210
490
907
726
1239
712
844
813
933
2822
2088
1659
1524
2043
970
2006
1498
267
1442
2864
2349
528
988
100
2682
2203
2638
881
2411
1458
386
1691
1193
10
1607
2655
1075
2965
2461
1814
2765
2666
77
735
1308
629
854
667
2848
329
523
827
1113
2363
2564
2944
2652
1831
282
923
1006
214
412
975
2220
1128
1918
2418
2792
1881
641
2896
2426
2578
1324
578
464
581
1496
790
1554
2969
1557
2107
2414
2376
744
1137
257
1475
1747
1999
959
370
2979
435
405
445
441
1393
2518
1975
123
1243
1098
1285
673
276
627
856
1138
1262
640
2047
1221
445
2809
1897
2219
411
1102
2968
502
755
1842
473
59
544
575
954
2128
2403
1679
1184
2758
2953
2093
2688
2109
677
1855
2604
535
474
2545
148
2985
2713
237
2288
1643
1949
801
179
2499
1186
2181
2735
2669
2539
2961
495
78
1171
1953
903
635
685
214
270
437
443
2465
68
1368
339
5
2153
1847
177
985
2200
2187
2617
383
440
713
943
452
2750
330
994
2208
573
2898
2247
578
937
1272
2719
2351
1002
2144
1622
1504
2552
1918
1963
1868
2309
2931
2494
2786
1936
1382
148
2223
1747
2779
2654
51
2102
1232
2597
593
156
1809
349
1641
1527
2676
1087
667
216
2761
1898
926
1907
2973
2751
1935
880
271
1067
553
28
2523
9
532
1920
60
228
715
1422
150
2189
81
2425
1147
834
2996
710
1889
1178
2438
1642
1120
2549
332
1099
47
168
1789
2652
1823
2027
1598
277
893
2149
2512
2379
2357
1292
1333
2565
2535
360
480
321
1505
1514
1985
2818
1941
2770
1185
2343
995
64
960
1191
310
1526
1903
2832
1238
1272
2594
1292
148
1438
2930
801
1693
2362
2608
1646
539
1084
1834
295
1422
2837
1692
1827
565
2995
933
2687
2329
2126
1702
1904
753
2120
1540
2807
1871
539
25
1795
1747
1355
130
2758
2620
2093
2952
2496
2391
2900
1633
1191
2730
2543
334
2155
453
2100
2407
2066
2803
604
2429
1742
2551
636
1179
2364
2902
2782
1040
775
1418
1817
71
872
2075
1692
1268
502
1341
2075
2257
2332
211
2078
774
1947
2854
1132
1233
1099
455
147
762
557
2016
26
142
575
104
743
2130
2820
692
1321
535
2961
452
2097
1100
2580
439
2556
350
638
1204
2091
2296
1095
2064
120
329
1060
287
260
2671
2219
2560
2591
451
1749
611
1141
327
1525
1455
1646
2905
1049
896
2962
1370
2870
357
1721
2673
2110
1108
2614
146
1419
147
1429
1276
89
1983
1739
2522
661
1138
1295
2714
214
2378
1806
2601
388
745
2684
1653
2962
1483
369
1707
1989
1204
27
1107
112
2420
1859
161
495
668
2837
1954
739
2726
831
2545
1324
811
1647
466
2469
1241
1606
2456
126
1397
2656
2448
1071
2650
2395
390
1422
2870
1130
799
318
2566
240
571
2895
2348
195
1747
15
1963
2634
1219
2691
1331
629
967
1861
613
1980
446
178
2813
1344
1554
2394
1157
2633
2622
864
2765
404
1626
980
1429
875
1064
2131
859
2232
474
1869
432
2101
783
494
1363
2022
2269
2288
1301
2604
1605
2468
876
1292
2153
2204
160
343
1837
2655
1983
2769
2977
454
2558
1907
1270
2418
2901
1813
837
182
795
521
1660
2866
2734
2189
2021
2548
836
2604
2590
1457
2928
550
779
1326
17
1324
1879
809
729
2454
2620
812
1248
1906
1086
2148
1992
464
2301
439
2169
1256
1188
1076
2499
1838
1927
2520
2059
854
1825
1879
1592
2452
2739
850
2365
2055
2490
1497
2174
2815
709
237
365
780
657
2354
1494
2241
1660
246
2620
531
1325
1339
2382
2544
1566
362
2621
2699
2882
1226
904
2815
926
811
2520
83
1857
1460
108
2518
358
2335
683
1773
88
1590
753
1734
44
2363
2801
1081
1068
218
1974
1188
1982
243
1678
868
2909
1865
407
1762
224
461
987
2700
2885
1774
2197
58
2218
1864
2911
1915
210
1338
1303
713
733
161
949
2318
1732
2915
2078
1805
592
1909
743
1122
781
1666
305
2319
181
752
2568
2018
865
2482
1381
2593
36
2928
111
672
1148
1530
724
1630
1395
2137
150
2757
290
2615
450
2226
969
428
373
2328
2996
1383
771
634
2971
992
1939
53
119
2742
1243
2989
1123
158
1754
2177
171
1297
1424
90
611
1843
1674
685
696
91
2102
1839
1768
2198
2842
73
936
1839
249
564
2933
1422
419
1979
919
1809
982
2482
307
2606
512
2464
2531
2032
387
789
424
2402
1390
1434
1626
773
2945
381
2831
2235
1463
1200
2711
1263
1500
1346
682
1906
2144
2370
724
217
2590
1019
1564
1736
2279
1005
1389
301
199
1704
1276
739
1202
475
1661
1052
1399
2141
2068
2963
1147
1156
357
2929
2522
813
1984
1419
1901
1039
475
208
752
1796
911
485
1929
960
568
2142
845
2627
381
2923
2743
1364
1188
2904
1179
243
1763
110
2662
154
2383
1921
1570
1885
2540
2485
197
2159
312
553
2549
251
2142
1247
2892
358
928
2501
2746
2797
1736
815
547
2453
1808
1670
1087
1836
360
49
2764
1036
791
2681
114
2999
429
2101
459
2738
2471
1546
220
2074
2128
561
1526
1478
2193
1584
966
2554
2729
2060
203
1497
335
576
2823
1748
1254
1239
2168
52
2391
1394
998
1526
2935
1919
989
2145
1306
511
1264
962
2244
1508
123
1271
2124
2418
2136
106
511
1797
2618
99
1305
175
2792
233
1601
1290
962
2413
578
1967
1550
898
836
1561
1526
2230
2556
2434
1021
1985
1195
319
432
1927
2844
2070
958
969
2319
660
2151
1520
253
1104
1223
260
2012
1310
2754
1985
2413
208
2012
2302
2749
2707
1215
2896
87
2205
926
1341
2491
948
739
2129
923
1151
2008
1509
2083
2430
1157
366
1914
488
2179
2272
679
43
75
765
2520
1247
2387
2906
211
1981
1297
1155
1462
1591
2444
1132
2086
1720
1361
1210
1026
2033
2721
2631
2110
621
979
1493
1069
2175
2444
1625
2207
120
1878
1850
2568
557
1369
1780
1297
597
2202
814
51
2230
1300
2771
379
1482
2928
2895
2025
287
1895
396
2642
681
1061
600
1852
1914
971
93
815
36
819
1237
1766
1934
1338
1756
2919
1754
1307
2168
1262
1400
468
2400
721
2543
2306
517
1549
665
97
1143
1544
2514
1682
735
1282
2964
904
1155
1197
2660
982
2538
2925
1901
2033
270
1286
75
1337
1971
76
352
1741
1828
2645
1865
2499
2772
2491
1948
2457
643
1216
2918
2291
389
1200
95
921
2937
1031
991
2339
2291
1186
826
2927
1742
729
2747
1068
69
528
2005
2641
2782
2598
1464
948
2819
1756
1743
1549
2767
1294
2646
2569
1786
1733
1978
1569
1944
2862
219
1516
1358
1557
414
2224
2869
2954
339
1978
1832
1842
724
159
2361
1049
5
807
986
558
1564
2013
1660
2624
22
2453
1349
1265
1319
1622
94
1750
1324
1380
1920
1458
2677
862
700
1009
1453
2841
1483
1627
2420
893
763
2446
2194
799
1007
1555
809
200
1827
379
305
824
905
2124
137
614
1714
1233
680
28
1260
2966
1266
2067
628
826
635
2853
1117
1918
537
1829
515
1600
883
2044
539
2284
2126
976
1569
632
1713
392
2813
714
1855
2331
2186
2235
2917
2367
1862
648
1655
1263
203
1389
2344
127
2669
2260
2312
2577
1005
531
2931
2114
243
155
2856
1544
1251
2060
1792
1370
422
1188
1704
1354
2919
2980
2652
1396
286
2105
321
2787
406
1071
1320
823
623
2172
2275
1327
2019
1129
1120
2536
2548
441
514
2187
166
2705
2866
2741
1000
1914
1472
927
2262
105
2787
2719
1188
270
1593
118
1397
2148
1699
182
457
1251
1783
189
2922
1283
1475
342
2489
1946
590
2572
2357
2212
1987
97
1969
11
2986
1343
32
2891
788
2004
1819
2950
397
2331
296
2274
2412
489
2166
883
1568
1310
2008
2127
875
1537
1258
2256
430
2196
70
2303
275
1830
1387
1158
2095
943
577
1038
2709
719
434
2657
2655
1829
1511
35
2276
2180
1039
2183
2887
1435
1223
1804
1183
964
2459
2911
2974
2278
250
2901
1172
940
1798
1228
761
2928
1390
2389
2898
2711
775
2435
2763
2591
323
1586
2082
2927
135
1127
2005
2661
1156
707
1207
682
541
2211
1284
1919
1830
2668
2483
2979
2084
23
1821
200
